Sind „Altkatholilwn‘ 3331333333. (133. 111191. (133 13311. 11133131 251

Das 1113331131311313 131 nur, dass 113 31111311311333 133133-
33331131 1313333133, 3313311113113133 133 131131331331113313 33
3313311331131133. 1113113333 113111 131333, 31 13381331 1133
313 3131113 3333133333 1333 131 1331. 1133131 man 131333, 1333 33
· 333 3133 1311311313 1113313 3111, 1333 3331 Α. 113 31111311311333
3313133 13381333 133 1331333113 31311 (1333131133, 1333 3331 B. 113
331311333311333 133. Ρ333133 331 133 3311 ihm 3313313333 Β1-
331113 31313313 1113313 jone 333111131 133133131, 1333 333 113333 3331
ς. 431. 3. 113 31111311311333 3333131131, 1331311113 313 33333133133
33 33311133, 1333 33 331 11133113133131311 11333133331133333
durch 113 (1331311 3133 333 31311 331133 33133331, so 1333113131-
33331 31311 3331131131 sein. Weiss kann 3131133313131 3313333 331
33133333131133313131 33133 3313. ’

1333 3313133 113 3111131131113333 um ihre Β313331333 33
1331113133, 31133131 111333133 33333 133 131313 Concu-und 1333133
3131 133331, 1333 3133331 13333113, 313 vor 1333 033311 31331133.

131333331313111333133 3131 3331, 33333 3113 13113333 03331-
1133ι 3313133. 1133313 331311, 1333133133133 1313331, 1333 3313313
wahren Μ1131131 133 131131133133 Κ13313131. 131313 11333133 3131
31311 33131131, 3133 313131331113313333333 133111331333 33 113
11313111331311 133 Κ13313, 33331133 13333313311333 313 133333133133
033311 31311 1133 vor 1311133333, 3331113 1133133331 3331311333
33111131, 113 13333113 333111133313313 311133

Sie 3333133333 133333 33333 133 (1133133, 1333 1333 Ρ3331 331

13311331113311331131313313313-331113113333331113133133,13 ι

13133331 [131113313131333313313 333113131333 von 11333133 333 31311
competent 3131.

Wer 13133 33131311333133 331311, 3333111331 3331313133333
3331 33131333333111313 11333333 1331311311331311113313, 331333-
11111 3331 13311313133 13331133 33133 Ι1331311 1331133113333,
dom 133311333333 1331113313. ’
1113 1333333113333333 31311131333311311333 313131. 11333113-
333 13313 Interesse 333 83313 13133. wodor 33313133311311333,
noch von Ausgosohlossoneu 1333 13133 33311. 12. 1. 5. u. 1. 7. ·

1. 6. Th. Ι. 133 allgem. (133-0313. 3133 Κ1333 1133 1311313313
131333 3313133 werdon. 11313313 133331113133 Κ11333, 1313331 1313
Richter. 1111113 fehlt 33 33 31133133331333333, 1131113111313311
jener 113331331331113113333 33 33133333133. 1133313311 31113 3331 ·
133 81313133 133 1113313 113 1131331311333333133. 13313 33333313
(1331311 3311133, 33131313 jeder 3331111313 Richter 3331 fi. 13113.
1, 7. 1. 6. 1. 3. 1131313133 133 11333133 33313113 3333331333 1313333.

 

