ΧΙΙΙ.
118 118381 11188881-8118181811 1811811173,

1811 Dr. (1181118118 1181883, ord. 11. Professor in der theol. 1881111181 181
1111181811111 zu Prag.

1118 1100 18111138 1188118181 181 1111811113 188 Ρ18381 1118111118

⁸ . (11181Η81813Β8188181811. 973) 1818118881888111111818 1811 118818.

1118181811881181(111111181881111118111813 11 1811118111888, 181
Κ18118 181· Ρ1838111181188888 111 1118111113 81181811811811 1111888811-
8311818 (118 81818 111118 im ,1811818113 11181 1811 11118111 1888811181
1118181111818138181811 111 111111811181883188181) 811811811181.
1118811118 118118 in der 1111818 181 Ρ11138181 am 28. 111 29. 1181
’ 11 Ρ183 8138181181.

Μ11 118813 811 118111118111813181811118111113118181 181 181-
1811118181, 1888 8118111181 18181, 18111818 1118181811818111118
11111811181118 81 181831818118118111113811811181 8111, 1111-
11811118118138818111 11118, 18811 11113 11 18111181, 18888181181
1181188181 81811 181111 8111181818181118, 1811 818 181811 1118811818·
1181111 111188181881181 1181118181 8188181181. 118111181181118881
1811181811118811111118 1810111181118 881181, 111811 81 8811111818

1811118-1181181118818118) 8111118118, 1181 1818111818 3838118113
zu 88111 181 anderen 1181118181 ’(Ρ118118111 (11811) 11111118 181 1118118
81188 181811188118188 1111 181111181 811118118111811 118 881181
8138181111118. 118 im Ganzeu 118 111381 11118888 31118811818118-
11118 88111 (118 (1181881811 (11811, 111181138881188881), so hatten
181118817411118881111188181 811 1818111818 8188181181 881181. 118881-
1811 1111811811 0111181181888110811118 8113818181, 81 181 Sy·

181811811811811181. 1118111181 1111 11 1111113113 81811, 1888 118
,1888111811 81181118111811181181811818152 1811113, 88 kann
1181 11811 111111, 11888 1188181113 818 811 1818111388 1818181 188
3188881 1118188888 8111188181, 1818188 181 1118118 1111111818 1811

¹ 118111111113818181181118111118 181· Κ118118 8138181181 11881,

1118Μ81111818 Ρ183 1181 8811111 1118111113118181 188 11811-
88111181811818. 11811 8118181 durch 811138 1181811881 181 (181183181-
8831181, 11113118181181 11881831881811 11811111, 8881881381 1111 Kate-
818181 1811181811. 118 181618118111181881811 1181 181111818811811
mih 1181 Ρ1811811 8188118181.

111811 wir 81181 1181318181 81188181 181 im 1118118711 81138-

 

