1111111111 1,)11111111 21212111 1922) ..111221 ⁴99 ¹

’111 1111111111) 1111111111 111 22111121) W 22121)
...121122
121

111111111111112111111121111211111111.
22222222Ὗ1222222 12221122 21221221222222212221 ’2222222 ’2
1111112121). 1112111121) 1) 2211)) 1212222122) 22222212Ῐ
. 2211211111) 2111221121) 2121112221) WWWWWWWWW

2220222222122111122Βαξ2ξ 2222 22222 21121221 12 2222222221.
9222222222) 2222222212 ’121 1··1”··1 11211
..1111)11121112121222 uns 2211212 2221211) 2212121211 22122221222

2222121221). des ὓ)221)11121212121.1“12211)12 212222122222-22221212222

211212121ῧΒ21222112111.121)(2121)12112)2221 211,122212221122122121122
111911191111119119911111991111119 1121111) 1121)) 2)) 2212122122
2222222211) 22212 21212 11121211 02122121 1211121112111 2222212222
12222. 21212212 2212121121) ist„ Βία 822211), vox 221112) 1222112121 2111121222
[12222121121222222212 2111122222) 22))222222222212222 22222221 2212222
9121112222 ,12211 2122122122αίαῑὺα2α, 1122212122) die 39999099999 22222
1211. 2111121. 111. 21111) 2111212112 1112112111 22122) 2)) 2221211222)
21122111111111112122212 122 2111211112) 11122 21121212 2222222222)
1111111111 1111112111) 2111211121) 2221111111 212 22211112
1112211111ηῶ2111111112222) 2111211 2221211221.) 2221222212). 9999,
1111111111 ..1111111111111111111111211111) 1112112221
111) 91919911199991119919 11212211))1,2)12)))11222222222) ’2221)
·11111111111111111111111111111111111111111 1111111111

1111).. ..1)11. 1112111 1121111111 21121) 1112212111). 1122221
22112221222122221111122122222) 22112212222222222212222122.
111211) 11)) 221121), 11111) 112). 1121212 2111211122 22) 11111111112122
111121121121121122121111122) 22221121 22122) 2222222222) 2222222111
1121211211 noch 12121111212211021211211 111122 11122122112211212112221,
1112111111121111222121121111111 ..1122111211212212122222222 ⁰¹
11111111111111, 111 1).)11111111127311) 1112)· 22111211
2211221211) 2211222211) 2))...22211111211212212221 1112121222 ,121
2112112111 1111111 11 1121) 2221112). 1)) 211221, ,11) 1122212221

21111111111121111111111111111111121))112122Ὓ1121)1

1121111111 2111111111). 12)). 9919 11119191111991199999 122122 12

990919919999199891 11111212 2 ,1121-2 911111111111199119111')
»Nun 2112121111 2211121112211121111212121211122112111

JodemkuWoh· 222121112’21)211122212121111ω2112111112ω1 111-
2221111 1111111121 11111111 111111 1111ω11111111111111211111121
WWWWWWWMWWWW ·

Ὃ ι’21111 dem 11222111- ,2)(2, 1222222211) 2122) 2222, 2222222 11222222

 

