99999. n. 99999 9. 9999. e. nrmnann ω. 999-999999. (9999.) 121 .

Die Β9119 »De 991919 animarum« 19999, 919 919 9199119199
1191999, 99 9191 91911 999199919999191999, 191991999119 99999199
81991 99 1999919199. 119111991191919 (1911991999199 vom 28. August
1821 99119111 199 Β99119999999 199 Β9119 119 199199199911919 Sane-
1199 991 99911 919 1919991 »1911919911 1991191911999, 199-
91911999 991 Β999999999 199 1199119111999 991 Β191119999 19919-
11911991991119919199 staats« 999 91111999 Norm 119 119 19119119919
1119919 19 19999999, 19199 919 999191911191 19911991, 1919911919
9199119119 99119119999, 991 999199999999999917999199199999 dem
999991119199 (1919119 9991 1999199199 1991199999 919 1199199199
819191 919. 999 11199, 119 ee 999919, 99 1991991199 99199.

Vnn 91999 9911999 199 81991911999999999 1999111911999191.
in 1991119911919199 091991999199· 91911 11911919, 9911999919 991919·
19199191191191 999 199 9991999999999999 1191999119919911991991-
199999 991999999 999199, 9199 9191999 9199 91119999911119199119199
991 91911 (1999991991 919991991199199119191. 199 11919991. 199 (19·
9191191919 z. nntseh. 199 (1999919999991. 999 13. November 1838,
1119191111. 1859 9. 155). Die 89991199 191 99991911199111919-
119199 1191991119999119 991 99199919191 dieser« 99119111 991 daher
nnn ein 191 199 jns mejestatis 91999 sacre, 9999991191191119919
1919919999 1199199911 91911 199-99191199 191.

19 1991919999 991 199 11991911919911991 9991191991 191
9199 9991 19199 Bnlle 919119 19919999191, 9991999 999 999991, 199
81911 1991199 (11199 991 netes Einkommen, 9991911 999 199 Hand
keine 1991919999 9191119199 99119. 891999 zen 99919 jedonh 9199
9191191911991911999, 919 1911919911 199 1119981111 99199199
werden. '

Wenn 9999991 19991 199 (199919199191199991 »Frondem« 11.
Rom 199 9. August 1855 99991919 1999199999 fiber 119 Η919
1991191919999 199 einzelnen 8191199 1919 1991111919 819119 99
11991991 99199199 9919 91999, 99 9911 999 diesen 1991 19191999
1119199 9199199911911999 199 119999 999 1911999 199 (19111199
hernon. “

01 19 119999 89191999 199 9119199199 (19919 9999991199 99199-
991119919911911999991199999999 9191, 199 191 91911 1919199191
991919118999991991199199911911999. . ’

1991 19 1991919119999191 999 12. 11199 1861 kann eine
991919 199911911999 91911 99199199 999199, 19 19 89191999 991
9199 durch den 81991 1199999999 19119999999119111911911199999
919119 9991911191 gemacht, snndenn 999 999991191, 991919 Β919199
99919919919999991999199999 99 Κ191991999 9999111 919199. 119

 

