140 11111111. d. 111191 d. 81111. v. 8111111111. Tema-Spem. (1873)

111 111111 811111111111111111, 1111111111111111111111111 111
, 8111111113 findet 111 8111111113 111111

81 1111111111 1111 wohl 1118111111111, 1111111 konig·
11111 011111111111 1111 (111111, 1111111111 1111 1111111 811111- J
1111111311111111111, einigormasson 111111 8111111111 1111111111 11111. 3

So viel 1111 111 81111.

’ 8111 8111111 1111 111131 111111 1111 111 8111111 111 Promo.

811 >liberalem 11111111 111111 dem ’111111111111111111 ι,
weil erin 111111 11111111 111 1111111111 111 1111111 1111111 recht
pauet. 8111811111 111 01111111111111811111111113 mosen,
111 111 1111111111111111111111 111 81111111 11111 1111111111 1111
vird. 1111111111 111 111 »liberalem 8111111111118111111111111
1111111 1111 111 111111011ήῆ1)αηῦ 3111111111, ao 111111-

111, 1111 1111181111 1111 1111111 8111111111111, 111 111 1111111 ἢ

hohen 81111111 1111111111, gar 11111 gehen 1111.

wie ,11 mit 1111 1111111111 11111111, weiss nun mr Ν

11111,1111118111111111 111111111111 1111 111111111850111 ,

1111111111 111111, 11111111111111 1111111 111111 11181111111111
11111111, 111 111 1111 111111 1111181111(11111111111111111111, ja
arg geschimpst haben, 11111111 111111111 1111111111111111111111

11ιί1 2t9.hJanuar 1861 11 811111111 8111181811111111111111111
11111 11111

8. 811 1111111 8111111111111741111111118111111811111111
v. J. 1878 1111111 »811011111111111111111111111 111111. 1111
187311111181111111 111 Herm 81111111 111 81111111 11111111
11111111111111111111 nicht 1111 1111111111 ornant, 1111111 111
3111181111 8111111111111 111131 in Ueboreinstimmung 1111 111
1111· 1111111 1111111111 111 1111111111 1111111. 1111811111 11111111
8111111111111111111111111111, 111 111 8111111111 111 11111111·
11111 8111111111111111111111, 11111 wir im 81111 1111111111
811111111 1111111 11111,111111111111 111111 11111311 111
81111 1111111111 1111311111 111 111111 1111111111 1111111111,
11111111 111111111111. ”

811 8111111111 111 111131 111 81111111 111, 111 11 11 111211-
111111111111111111 811111111111, 1111111111 worden, 111 11 11111
81111111 11 111111 8111111111111111, 1111111 111 111311113111
8111111111 11111111 worden, 1 111 weil 11111111 1111111131 111111
8111111111 111 8111111111811111 1111111 111111111 111 111811-
111111111 durch 111111111111 1111111111 11131111111111 ists 81111
811111111111111 1111111111 (1111111 1111 111111 1111111111111

 

